2022/02/21-12:34:33.218382 7f02cb06acc0 RocksDB version: 6.17.3
2022/02/21-12:34:33.218401 7f02cb06acc0 Git sha rocksdb_build_git_sha:@09c7e96eac1ab983f97ce9e0406730b8014b3398@
2022/02/21-12:34:33.218403 7f02cb06acc0 Compile date Dec  1 2021
2022/02/21-12:34:33.218424 7f02cb06acc0 DB SUMMARY
2022/02/21-12:34:33.218425 7f02cb06acc0 DB Session ID:  2ZUFXFRNM6JEC0YTDV8P
2022/02/21-12:34:33.218433 7f02cb06acc0 SST files in .anchor/test-ledger/rocksdb dir, Total Num: 0, files: 
2022/02/21-12:34:33.218435 7f02cb06acc0 Write Ahead Log file in .anchor/test-ledger/rocksdb: 
2022/02/21-12:34:33.218435 7f02cb06acc0                         Options.error_if_exists: 0
2022/02/21-12:34:33.218436 7f02cb06acc0                       Options.create_if_missing: 1
2022/02/21-12:34:33.218436 7f02cb06acc0                         Options.paranoid_checks: 1
2022/02/21-12:34:33.218437 7f02cb06acc0                               Options.track_and_verify_wals_in_manifest: 0
2022/02/21-12:34:33.218437 7f02cb06acc0                                     Options.env: 0x5606880468c0
2022/02/21-12:34:33.218438 7f02cb06acc0                                      Options.fs: Posix File System
2022/02/21-12:34:33.218439 7f02cb06acc0                                Options.info_log: 0x5606895c1910
2022/02/21-12:34:33.218439 7f02cb06acc0                Options.max_file_opening_threads: 16
2022/02/21-12:34:33.218440 7f02cb06acc0                              Options.statistics: (nil)
2022/02/21-12:34:33.218440 7f02cb06acc0                               Options.use_fsync: 0
2022/02/21-12:34:33.218441 7f02cb06acc0                       Options.max_log_file_size: 0
2022/02/21-12:34:33.218441 7f02cb06acc0                  Options.max_manifest_file_size: 1073741824
2022/02/21-12:34:33.218442 7f02cb06acc0                   Options.log_file_time_to_roll: 0
2022/02/21-12:34:33.218442 7f02cb06acc0                       Options.keep_log_file_num: 1000
2022/02/21-12:34:33.218443 7f02cb06acc0                    Options.recycle_log_file_num: 0
2022/02/21-12:34:33.218443 7f02cb06acc0                         Options.allow_fallocate: 1
2022/02/21-12:34:33.218444 7f02cb06acc0                        Options.allow_mmap_reads: 0
2022/02/21-12:34:33.218444 7f02cb06acc0                       Options.allow_mmap_writes: 0
2022/02/21-12:34:33.218445 7f02cb06acc0                        Options.use_direct_reads: 0
2022/02/21-12:34:33.218445 7f02cb06acc0                        Options.use_direct_io_for_flush_and_compaction: 0
2022/02/21-12:34:33.218446 7f02cb06acc0          Options.create_missing_column_families: 1
2022/02/21-12:34:33.218446 7f02cb06acc0                              Options.db_log_dir: 
2022/02/21-12:34:33.218447 7f02cb06acc0                                 Options.wal_dir: .anchor/test-ledger/rocksdb
2022/02/21-12:34:33.218447 7f02cb06acc0                Options.table_cache_numshardbits: 6
2022/02/21-12:34:33.218447 7f02cb06acc0                         Options.WAL_ttl_seconds: 0
2022/02/21-12:34:33.218448 7f02cb06acc0                       Options.WAL_size_limit_MB: 0
2022/02/21-12:34:33.218448 7f02cb06acc0                        Options.max_write_batch_group_size_bytes: 1048576
2022/02/21-12:34:33.218449 7f02cb06acc0             Options.manifest_preallocation_size: 4194304
2022/02/21-12:34:33.218449 7f02cb06acc0                     Options.is_fd_close_on_exec: 1
2022/02/21-12:34:33.218450 7f02cb06acc0                   Options.advise_random_on_open: 1
2022/02/21-12:34:33.218450 7f02cb06acc0                    Options.db_write_buffer_size: 0
2022/02/21-12:34:33.218451 7f02cb06acc0                    Options.write_buffer_manager: 0x5606895fe160
2022/02/21-12:34:33.218451 7f02cb06acc0         Options.access_hint_on_compaction_start: 1
2022/02/21-12:34:33.218452 7f02cb06acc0  Options.new_table_reader_for_compaction_inputs: 0
2022/02/21-12:34:33.218452 7f02cb06acc0           Options.random_access_max_buffer_size: 1048576
2022/02/21-12:34:33.218453 7f02cb06acc0                      Options.use_adaptive_mutex: 0
2022/02/21-12:34:33.218453 7f02cb06acc0                            Options.rate_limiter: (nil)
2022/02/21-12:34:33.218454 7f02cb06acc0     Options.sst_file_manager.rate_bytes_per_sec: 0
2022/02/21-12:34:33.218459 7f02cb06acc0                       Options.wal_recovery_mode: 2
2022/02/21-12:34:33.218459 7f02cb06acc0                  Options.enable_thread_tracking: 0
2022/02/21-12:34:33.218460 7f02cb06acc0                  Options.enable_pipelined_write: 0
2022/02/21-12:34:33.218460 7f02cb06acc0                  Options.unordered_write: 0
2022/02/21-12:34:33.218461 7f02cb06acc0         Options.allow_concurrent_memtable_write: 1
2022/02/21-12:34:33.218461 7f02cb06acc0      Options.enable_write_thread_adaptive_yield: 1
2022/02/21-12:34:33.218461 7f02cb06acc0             Options.write_thread_max_yield_usec: 100
2022/02/21-12:34:33.218462 7f02cb06acc0            Options.write_thread_slow_yield_usec: 3
2022/02/21-12:34:33.218463 7f02cb06acc0                               Options.row_cache: None
2022/02/21-12:34:33.218463 7f02cb06acc0                              Options.wal_filter: None
2022/02/21-12:34:33.218464 7f02cb06acc0             Options.avoid_flush_during_recovery: 0
2022/02/21-12:34:33.218464 7f02cb06acc0             Options.allow_ingest_behind: 0
2022/02/21-12:34:33.218464 7f02cb06acc0             Options.preserve_deletes: 0
2022/02/21-12:34:33.218465 7f02cb06acc0             Options.two_write_queues: 0
2022/02/21-12:34:33.218465 7f02cb06acc0             Options.manual_wal_flush: 0
2022/02/21-12:34:33.218466 7f02cb06acc0             Options.atomic_flush: 0
2022/02/21-12:34:33.218466 7f02cb06acc0             Options.avoid_unnecessary_blocking_io: 0
2022/02/21-12:34:33.218467 7f02cb06acc0                 Options.persist_stats_to_disk: 0
2022/02/21-12:34:33.218467 7f02cb06acc0                 Options.write_dbid_to_manifest: 0
2022/02/21-12:34:33.218468 7f02cb06acc0                 Options.log_readahead_size: 0
2022/02/21-12:34:33.218468 7f02cb06acc0                 Options.file_checksum_gen_factory: Unknown
2022/02/21-12:34:33.218469 7f02cb06acc0                 Options.best_efforts_recovery: 0
2022/02/21-12:34:33.218469 7f02cb06acc0                Options.max_bgerror_resume_count: 2147483647
2022/02/21-12:34:33.218470 7f02cb06acc0            Options.bgerror_resume_retry_interval: 1000000
2022/02/21-12:34:33.218470 7f02cb06acc0             Options.allow_data_in_errors: 0
2022/02/21-12:34:33.218470 7f02cb06acc0             Options.db_host_id: __hostname__
2022/02/21-12:34:33.218471 7f02cb06acc0             Options.max_background_jobs: 16
2022/02/21-12:34:33.218471 7f02cb06acc0             Options.max_background_compactions: -1
2022/02/21-12:34:33.218472 7f02cb06acc0             Options.max_subcompactions: 1
2022/02/21-12:34:33.218472 7f02cb06acc0             Options.avoid_flush_during_shutdown: 0
2022/02/21-12:34:33.218473 7f02cb06acc0           Options.writable_file_max_buffer_size: 1048576
2022/02/21-12:34:33.218473 7f02cb06acc0             Options.delayed_write_rate : 16777216
2022/02/21-12:34:33.218474 7f02cb06acc0             Options.max_total_wal_size: 4294967296
2022/02/21-12:34:33.218474 7f02cb06acc0             Options.delete_obsolete_files_period_micros: 21600000000
2022/02/21-12:34:33.218475 7f02cb06acc0                   Options.stats_dump_period_sec: 600
2022/02/21-12:34:33.218475 7f02cb06acc0                 Options.stats_persist_period_sec: 600
2022/02/21-12:34:33.218476 7f02cb06acc0                 Options.stats_history_buffer_size: 1048576
2022/02/21-12:34:33.218476 7f02cb06acc0                          Options.max_open_files: -1
2022/02/21-12:34:33.218477 7f02cb06acc0                          Options.bytes_per_sync: 0
2022/02/21-12:34:33.218477 7f02cb06acc0                      Options.wal_bytes_per_sync: 0
2022/02/21-12:34:33.218478 7f02cb06acc0                   Options.strict_bytes_per_sync: 0
2022/02/21-12:34:33.218478 7f02cb06acc0       Options.compaction_readahead_size: 0
2022/02/21-12:34:33.218479 7f02cb06acc0                  Options.max_background_flushes: -1
2022/02/21-12:34:33.218479 7f02cb06acc0 Compression algorithms supported:
2022/02/21-12:34:33.218480 7f02cb06acc0 	kZSTDNotFinalCompression supported: 0
2022/02/21-12:34:33.218480 7f02cb06acc0 	kZSTD supported: 0
2022/02/21-12:34:33.218483 7f02cb06acc0 	kXpressCompression supported: 0
2022/02/21-12:34:33.218484 7f02cb06acc0 	kLZ4HCCompression supported: 1
2022/02/21-12:34:33.218485 7f02cb06acc0 	kLZ4Compression supported: 1
2022/02/21-12:34:33.218485 7f02cb06acc0 	kBZip2Compression supported: 0
2022/02/21-12:34:33.218486 7f02cb06acc0 	kZlibCompression supported: 0
2022/02/21-12:34:33.218486 7f02cb06acc0 	kSnappyCompression supported: 0
2022/02/21-12:34:33.218487 7f02cb06acc0 Fast CRC32 supported: Supported on x86
2022/02/21-12:34:33.224701 7f02cb06acc0 [db/db_impl/db_impl_open.cc:283] Creating manifest 1 
2022/02/21-12:34:33.233664 7f02cb06acc0 [db/version_set.cc:4756] Recovering from manifest file: .anchor/test-ledger/rocksdb/MANIFEST-000001
2022/02/21-12:34:33.233745 7f02cb06acc0 [db/column_family.cc:595] --------------- Options for column family [default]:
2022/02/21-12:34:33.233747 7f02cb06acc0               Options.comparator: leveldb.BytewiseComparator
2022/02/21-12:34:33.233747 7f02cb06acc0           Options.merge_operator: None
2022/02/21-12:34:33.233748 7f02cb06acc0        Options.compaction_filter: None
2022/02/21-12:34:33.233749 7f02cb06acc0        Options.compaction_filter_factory: None
2022/02/21-12:34:33.233749 7f02cb06acc0  Options.sst_partitioner_factory: None
2022/02/21-12:34:33.233749 7f02cb06acc0         Options.memtable_factory: SkipListFactory
2022/02/21-12:34:33.233750 7f02cb06acc0            Options.table_factory: BlockBasedTable
2022/02/21-12:34:33.233765 7f02cb06acc0            table_factory options:   flush_block_policy_factory: FlushBlockBySizePolicyFactory (0x5606895b87e0)
  cache_index_and_filter_blocks: 0
  cache_index_and_filter_blocks_with_high_priority: 1
  pin_l0_filter_and_index_blocks_in_cache: 0
  pin_top_level_index_and_filter: 1
  index_type: 0
  data_block_index_type: 0
  index_shortening: 1
  data_block_hash_table_util_ratio: 0.750000
  hash_index_allow_collision: 1
  checksum: 1
  no_block_cache: 0
  block_cache: 0x5606895b8830
  block_cache_name: LRUCache
  block_cache_options:
    capacity : 8388608
    num_shard_bits : 4
    strict_capacity_limit : 0
    memory_allocator : None
    high_pri_pool_ratio: 0.000
  block_cache_compressed: (nil)
  persistent_cache: (nil)
  block_size: 4096
  block_size_deviation: 10
  block_restart_interval: 16
  index_block_restart_interval: 1
  metadata_block_size: 4096
  partition_filters: 0
  use_delta_encoding: 1
  filter_policy: nullptr
  whole_key_filtering: 1
  verify_compression: 0
  read_amp_bytes_per_bit: 0
  format_version: 4
  enable_index_compression: 1
  block_align: 0
2022/02/21-12:34:33.233765 7f02cb06acc0        Options.write_buffer_size: 67108864
2022/02/21-12:34:33.233766 7f02cb06acc0  Options.max_write_buffer_number: 2
2022/02/21-12:34:33.233766 7f02cb06acc0          Options.compression: NoCompression
2022/02/21-12:34:33.233767 7f02cb06acc0                  Options.bottommost_compression: Disabled
2022/02/21-12:34:33.233767 7f02cb06acc0       Options.prefix_extractor: nullptr
2022/02/21-12:34:33.233768 7f02cb06acc0   Options.memtable_insert_with_hint_prefix_extractor: nullptr
2022/02/21-12:34:33.233768 7f02cb06acc0             Options.num_levels: 7
2022/02/21-12:34:33.233769 7f02cb06acc0        Options.min_write_buffer_number_to_merge: 1
2022/02/21-12:34:33.233769 7f02cb06acc0     Options.max_write_buffer_number_to_maintain: 0
2022/02/21-12:34:33.233770 7f02cb06acc0     Options.max_write_buffer_size_to_maintain: 0
2022/02/21-12:34:33.233770 7f02cb06acc0            Options.bottommost_compression_opts.window_bits: -14
2022/02/21-12:34:33.233771 7f02cb06acc0                  Options.bottommost_compression_opts.level: 32767
2022/02/21-12:34:33.233771 7f02cb06acc0               Options.bottommost_compression_opts.strategy: 0
2022/02/21-12:34:33.233772 7f02cb06acc0         Options.bottommost_compression_opts.max_dict_bytes: 0
2022/02/21-12:34:33.233772 7f02cb06acc0         Options.bottommost_compression_opts.zstd_max_train_bytes: 0
2022/02/21-12:34:33.233773 7f02cb06acc0         Options.bottommost_compression_opts.parallel_threads: 1
2022/02/21-12:34:33.233783 7f02cb06acc0                  Options.bottommost_compression_opts.enabled: false
2022/02/21-12:34:33.233784 7f02cb06acc0            Options.compression_opts.window_bits: -14
2022/02/21-12:34:33.233785 7f02cb06acc0                  Options.compression_opts.level: 32767
2022/02/21-12:34:33.233785 7f02cb06acc0               Options.compression_opts.strategy: 0
2022/02/21-12:34:33.233786 7f02cb06acc0         Options.compression_opts.max_dict_bytes: 0
2022/02/21-12:34:33.233786 7f02cb06acc0         Options.compression_opts.zstd_max_train_bytes: 0
2022/02/21-12:34:33.233787 7f02cb06acc0         Options.compression_opts.parallel_threads: 1
2022/02/21-12:34:33.233787 7f02cb06acc0                  Options.compression_opts.enabled: false
2022/02/21-12:34:33.233787 7f02cb06acc0      Options.level0_file_num_compaction_trigger: 4
2022/02/21-12:34:33.233788 7f02cb06acc0          Options.level0_slowdown_writes_trigger: 20
2022/02/21-12:34:33.233788 7f02cb06acc0              Options.level0_stop_writes_trigger: 36
2022/02/21-12:34:33.233789 7f02cb06acc0                   Options.target_file_size_base: 67108864
2022/02/21-12:34:33.233789 7f02cb06acc0             Options.target_file_size_multiplier: 1
2022/02/21-12:34:33.233790 7f02cb06acc0                Options.max_bytes_for_level_base: 268435456
2022/02/21-12:34:33.233790 7f02cb06acc0 Options.level_compaction_dynamic_level_bytes: 0
2022/02/21-12:34:33.233791 7f02cb06acc0          Options.max_bytes_for_level_multiplier: 10.000000
2022/02/21-12:34:33.233792 7f02cb06acc0 Options.max_bytes_for_level_multiplier_addtl[0]: 1
2022/02/21-12:34:33.233792 7f02cb06acc0 Options.max_bytes_for_level_multiplier_addtl[1]: 1
2022/02/21-12:34:33.233793 7f02cb06acc0 Options.max_bytes_for_level_multiplier_addtl[2]: 1
2022/02/21-12:34:33.233793 7f02cb06acc0 Options.max_bytes_for_level_multiplier_addtl[3]: 1
2022/02/21-12:34:33.233794 7f02cb06acc0 Options.max_bytes_for_level_multiplier_addtl[4]: 1
2022/02/21-12:34:33.233794 7f02cb06acc0 Options.max_bytes_for_level_multiplier_addtl[5]: 1
2022/02/21-12:34:33.233795 7f02cb06acc0 Options.max_bytes_for_level_multiplier_addtl[6]: 1
2022/02/21-12:34:33.233795 7f02cb06acc0       Options.max_sequential_skip_in_iterations: 8
2022/02/21-12:34:33.233796 7f02cb06acc0                    Options.max_compaction_bytes: 1677721600
2022/02/21-12:34:33.233796 7f02cb06acc0                        Options.arena_block_size: 8388608
2022/02/21-12:34:33.233797 7f02cb06acc0   Options.soft_pending_compaction_bytes_limit: 68719476736
2022/02/21-12:34:33.233797 7f02cb06acc0   Options.hard_pending_compaction_bytes_limit: 274877906944
2022/02/21-12:34:33.233798 7f02cb06acc0       Options.rate_limit_delay_max_milliseconds: 100
2022/02/21-12:34:33.233798 7f02cb06acc0                Options.disable_auto_compactions: 0
2022/02/21-12:34:33.233799 7f02cb06acc0                        Options.compaction_style: kCompactionStyleLevel
2022/02/21-12:34:33.233800 7f02cb06acc0                          Options.compaction_pri: kMinOverlappingRatio
2022/02/21-12:34:33.233800 7f02cb06acc0 Options.compaction_options_universal.size_ratio: 1
2022/02/21-12:34:33.233801 7f02cb06acc0 Options.compaction_options_universal.min_merge_width: 2
2022/02/21-12:34:33.233801 7f02cb06acc0 Options.compaction_options_universal.max_merge_width: 4294967295
2022/02/21-12:34:33.233802 7f02cb06acc0 Options.compaction_options_universal.max_size_amplification_percent: 200
2022/02/21-12:34:33.233802 7f02cb06acc0 Options.compaction_options_universal.compression_size_percent: -1
2022/02/21-12:34:33.233803 7f02cb06acc0 Options.compaction_options_universal.stop_style: kCompactionStopStyleTotalSize
2022/02/21-12:34:33.233803 7f02cb06acc0 Options.compaction_options_fifo.max_table_files_size: 1073741824
2022/02/21-12:34:33.233804 7f02cb06acc0 Options.compaction_options_fifo.allow_compaction: 0
2022/02/21-12:34:33.233809 7f02cb06acc0                   Options.table_properties_collectors: 
2022/02/21-12:34:33.233810 7f02cb06acc0                   Options.inplace_update_support: 0
2022/02/21-12:34:33.233810 7f02cb06acc0                 Options.inplace_update_num_locks: 10000
2022/02/21-12:34:33.233813 7f02cb06acc0               Options.memtable_prefix_bloom_size_ratio: 0.000000
2022/02/21-12:34:33.233814 7f02cb06acc0               Options.memtable_whole_key_filtering: 0
2022/02/21-12:34:33.233815 7f02cb06acc0   Options.memtable_huge_page_size: 0
2022/02/21-12:34:33.233815 7f02cb06acc0                           Options.bloom_locality: 0
2022/02/21-12:34:33.233816 7f02cb06acc0                    Options.max_successive_merges: 0
2022/02/21-12:34:33.233816 7f02cb06acc0                Options.optimize_filters_for_hits: 0
2022/02/21-12:34:33.233816 7f02cb06acc0                Options.paranoid_file_checks: 0
2022/02/21-12:34:33.233817 7f02cb06acc0                Options.force_consistency_checks: 1
2022/02/21-12:34:33.233817 7f02cb06acc0                Options.report_bg_io_stats: 0
2022/02/21-12:34:33.233818 7f02cb06acc0                               Options.ttl: 2592000
2022/02/21-12:34:33.233818 7f02cb06acc0          Options.periodic_compaction_seconds: 0
2022/02/21-12:34:33.233819 7f02cb06acc0                    Options.enable_blob_files: false
2022/02/21-12:34:33.233819 7f02cb06acc0                        Options.min_blob_size: 0
2022/02/21-12:34:33.233820 7f02cb06acc0                       Options.blob_file_size: 268435456
2022/02/21-12:34:33.233820 7f02cb06acc0                Options.blob_compression_type: NoCompression
2022/02/21-12:34:33.233821 7f02cb06acc0       Options.enable_blob_garbage_collection: false
2022/02/21-12:34:33.233821 7f02cb06acc0   Options.blob_garbage_collection_age_cutoff: 0.250000
2022/02/21-12:34:33.234213 7f02cb06acc0 [db/version_set.cc:4796] Recovered from manifest file:.anchor/test-ledger/rocksdb/MANIFEST-000001 succeeded,manifest_file_number is 1, next_file_number is 3, last_sequence is 0, log_number is 0,prev_log_number is 0,max_column_family is 0,min_log_number_to_keep is 0
2022/02/21-12:34:33.234215 7f02cb06acc0 [db/version_set.cc:4811] Column family [default] (ID 0), log number is 0
2022/02/21-12:34:33.234276 7f02cb06acc0 [db/version_set.cc:4110] Creating manifest 3
2022/02/21-12:34:33.246158 7f02cb06acc0 [db/column_family.cc:595] --------------- Options for column family [meta]:
2022/02/21-12:34:33.246163 7f02cb06acc0               Options.comparator: leveldb.BytewiseComparator
2022/02/21-12:34:33.246164 7f02cb06acc0           Options.merge_operator: None
2022/02/21-12:34:33.246165 7f02cb06acc0        Options.compaction_filter: None
2022/02/21-12:34:33.246166 7f02cb06acc0        Options.compaction_filter_factory: purged_slot_filter_factory(meta)
2022/02/21-12:34:33.246166 7f02cb06acc0  Options.sst_partitioner_factory: None
2022/02/21-12:34:33.246167 7f02cb06acc0         Options.memtable_factory: SkipListFactory
2022/02/21-12:34:33.246167 7f02cb06acc0            Options.table_factory: BlockBasedTable
2022/02/21-12:34:33.246188 7f02cb06acc0            table_factory options:   flush_block_policy_factory: FlushBlockBySizePolicyFactory (0x56068958f650)
  cache_index_and_filter_blocks: 0
  cache_index_and_filter_blocks_with_high_priority: 1
  pin_l0_filter_and_index_blocks_in_cache: 0
  pin_top_level_index_and_filter: 1
  index_type: 0
  data_block_index_type: 0
  index_shortening: 1
  data_block_hash_table_util_ratio: 0.750000
  hash_index_allow_collision: 1
  checksum: 1
  no_block_cache: 0
  block_cache: 0x56068958f6a0
  block_cache_name: LRUCache
  block_cache_options:
    capacity : 8388608
    num_shard_bits : 4
    strict_capacity_limit : 0
    memory_allocator : None
    high_pri_pool_ratio: 0.000
  block_cache_compressed: (nil)
  persistent_cache: (nil)
  block_size: 4096
  block_size_deviation: 10
  block_restart_interval: 16
  index_block_restart_interval: 1
  metadata_block_size: 4096
  partition_filters: 0
  use_delta_encoding: 1
  filter_policy: nullptr
  whole_key_filtering: 1
  verify_compression: 0
  read_amp_bytes_per_bit: 0
  format_version: 4
  enable_index_compression: 1
  block_align: 0
2022/02/21-12:34:33.246190 7f02cb06acc0        Options.write_buffer_size: 268435456
2022/02/21-12:34:33.246191 7f02cb06acc0  Options.max_write_buffer_number: 8
2022/02/21-12:34:33.246191 7f02cb06acc0          Options.compression: NoCompression
2022/02/21-12:34:33.246192 7f02cb06acc0                  Options.bottommost_compression: Disabled
2022/02/21-12:34:33.246193 7f02cb06acc0       Options.prefix_extractor: nullptr
2022/02/21-12:34:33.246193 7f02cb06acc0   Options.memtable_insert_with_hint_prefix_extractor: nullptr
2022/02/21-12:34:33.246194 7f02cb06acc0             Options.num_levels: 7
2022/02/21-12:34:33.246194 7f02cb06acc0        Options.min_write_buffer_number_to_merge: 1
2022/02/21-12:34:33.246194 7f02cb06acc0     Options.max_write_buffer_number_to_maintain: 0
2022/02/21-12:34:33.246195 7f02cb06acc0     Options.max_write_buffer_size_to_maintain: 0
2022/02/21-12:34:33.246195 7f02cb06acc0            Options.bottommost_compression_opts.window_bits: -14
2022/02/21-12:34:33.246196 7f02cb06acc0                  Options.bottommost_compression_opts.level: 32767
2022/02/21-12:34:33.246196 7f02cb06acc0               Options.bottommost_compression_opts.strategy: 0
2022/02/21-12:34:33.246197 7f02cb06acc0         Options.bottommost_compression_opts.max_dict_bytes: 0
2022/02/21-12:34:33.246197 7f02cb06acc0         Options.bottommost_compression_opts.zstd_max_train_bytes: 0
2022/02/21-12:34:33.246198 7f02cb06acc0         Options.bottommost_compression_opts.parallel_threads: 1
2022/02/21-12:34:33.246198 7f02cb06acc0                  Options.bottommost_compression_opts.enabled: false
2022/02/21-12:34:33.246199 7f02cb06acc0            Options.compression_opts.window_bits: -14
2022/02/21-12:34:33.246199 7f02cb06acc0                  Options.compression_opts.level: 32767
2022/02/21-12:34:33.246200 7f02cb06acc0               Options.compression_opts.strategy: 0
2022/02/21-12:34:33.246200 7f02cb06acc0         Options.compression_opts.max_dict_bytes: 0
2022/02/21-12:34:33.246201 7f02cb06acc0         Options.compression_opts.zstd_max_train_bytes: 0
2022/02/21-12:34:33.246201 7f02cb06acc0         Options.compression_opts.parallel_threads: 1
2022/02/21-12:34:33.246202 7f02cb06acc0                  Options.compression_opts.enabled: false
2022/02/21-12:34:33.246211 7f02cb06acc0      Options.level0_file_num_compaction_trigger: 4
2022/02/21-12:34:33.246211 7f02cb06acc0          Options.level0_slowdown_writes_trigger: 20
2022/02/21-12:34:33.246212 7f02cb06acc0              Options.level0_stop_writes_trigger: 36
2022/02/21-12:34:33.246212 7f02cb06acc0                   Options.target_file_size_base: 107374182
2022/02/21-12:34:33.246213 7f02cb06acc0             Options.target_file_size_multiplier: 1
2022/02/21-12:34:33.246213 7f02cb06acc0                Options.max_bytes_for_level_base: 1073741824
2022/02/21-12:34:33.246214 7f02cb06acc0 Options.level_compaction_dynamic_level_bytes: 0
2022/02/21-12:34:33.246214 7f02cb06acc0          Options.max_bytes_for_level_multiplier: 10.000000
2022/02/21-12:34:33.246216 7f02cb06acc0 Options.max_bytes_for_level_multiplier_addtl[0]: 1
2022/02/21-12:34:33.246216 7f02cb06acc0 Options.max_bytes_for_level_multiplier_addtl[1]: 1
2022/02/21-12:34:33.246217 7f02cb06acc0 Options.max_bytes_for_level_multiplier_addtl[2]: 1
2022/02/21-12:34:33.246217 7f02cb06acc0 Options.max_bytes_for_level_multiplier_addtl[3]: 1
2022/02/21-12:34:33.246217 7f02cb06acc0 Options.max_bytes_for_level_multiplier_addtl[4]: 1
2022/02/21-12:34:33.246218 7f02cb06acc0 Options.max_bytes_for_level_multiplier_addtl[5]: 1
2022/02/21-12:34:33.246218 7f02cb06acc0 Options.max_bytes_for_level_multiplier_addtl[6]: 1
2022/02/21-12:34:33.246219 7f02cb06acc0       Options.max_sequential_skip_in_iterations: 8
2022/02/21-12:34:33.246219 7f02cb06acc0                    Options.max_compaction_bytes: 2684354550
2022/02/21-12:34:33.246220 7f02cb06acc0                        Options.arena_block_size: 33554432
2022/02/21-12:34:33.246220 7f02cb06acc0   Options.soft_pending_compaction_bytes_limit: 68719476736
2022/02/21-12:34:33.246221 7f02cb06acc0   Options.hard_pending_compaction_bytes_limit: 274877906944
2022/02/21-12:34:33.246221 7f02cb06acc0       Options.rate_limit_delay_max_milliseconds: 100
2022/02/21-12:34:33.246222 7f02cb06acc0                Options.disable_auto_compactions: 0
2022/02/21-12:34:33.246223 7f02cb06acc0                        Options.compaction_style: kCompactionStyleLevel
2022/02/21-12:34:33.246224 7f02cb06acc0                          Options.compaction_pri: kMinOverlappingRatio
2022/02/21-12:34:33.246224 7f02cb06acc0 Options.compaction_options_universal.size_ratio: 1
2022/02/21-12:34:33.246225 7f02cb06acc0 Options.compaction_options_universal.min_merge_width: 2
2022/02/21-12:34:33.246225 7f02cb06acc0 Options.compaction_options_universal.max_merge_width: 4294967295
2022/02/21-12:34:33.246226 7f02cb06acc0 Options.compaction_options_universal.max_size_amplification_percent: 200
2022/02/21-12:34:33.246226 7f02cb06acc0 Options.compaction_options_universal.compression_size_percent: -1
2022/02/21-12:34:33.246227 7f02cb06acc0 Options.compaction_options_universal.stop_style: kCompactionStopStyleTotalSize
2022/02/21-12:34:33.246227 7f02cb06acc0 Options.compaction_options_fifo.max_table_files_size: 1073741824
2022/02/21-12:34:33.246227 7f02cb06acc0 Options.compaction_options_fifo.allow_compaction: 0
2022/02/21-12:34:33.246233 7f02cb06acc0                   Options.table_properties_collectors: 
2022/02/21-12:34:33.246234 7f02cb06acc0                   Options.inplace_update_support: 0
2022/02/21-12:34:33.246234 7f02cb06acc0                 Options.inplace_update_num_locks: 10000
2022/02/21-12:34:33.246235 7f02cb06acc0               Options.memtable_prefix_bloom_size_ratio: 0.000000
2022/02/21-12:34:33.246235 7f02cb06acc0               Options.memtable_whole_key_filtering: 0
2022/02/21-12:34:33.246236 7f02cb06acc0   Options.memtable_huge_page_size: 0
2022/02/21-12:34:33.246236 7f02cb06acc0                           Options.bloom_locality: 0
2022/02/21-12:34:33.246237 7f02cb06acc0                    Options.max_successive_merges: 0
2022/02/21-12:34:33.246237 7f02cb06acc0                Options.optimize_filters_for_hits: 0
2022/02/21-12:34:33.246238 7f02cb06acc0                Options.paranoid_file_checks: 0
2022/02/21-12:34:33.246238 7f02cb06acc0                Options.force_consistency_checks: 1
2022/02/21-12:34:33.246241 7f02cb06acc0                Options.report_bg_io_stats: 0
2022/02/21-12:34:33.246242 7f02cb06acc0                               Options.ttl: 2592000
2022/02/21-12:34:33.246242 7f02cb06acc0          Options.periodic_compaction_seconds: 2592000
2022/02/21-12:34:33.246243 7f02cb06acc0                    Options.enable_blob_files: false
2022/02/21-12:34:33.246243 7f02cb06acc0                        Options.min_blob_size: 0
2022/02/21-12:34:33.246243 7f02cb06acc0                       Options.blob_file_size: 268435456
2022/02/21-12:34:33.246244 7f02cb06acc0                Options.blob_compression_type: NoCompression
2022/02/21-12:34:33.246244 7f02cb06acc0       Options.enable_blob_garbage_collection: false
2022/02/21-12:34:33.246245 7f02cb06acc0   Options.blob_garbage_collection_age_cutoff: 0.250000
2022/02/21-12:34:33.246263 7f02cb06acc0 [db/db_impl/db_impl.cc:2656] Created column family [meta] (ID 1)
2022/02/21-12:34:33.252938 7f02cb06acc0 [db/column_family.cc:595] --------------- Options for column family [dead_slots]:
2022/02/21-12:34:33.252941 7f02cb06acc0               Options.comparator: leveldb.BytewiseComparator
2022/02/21-12:34:33.252942 7f02cb06acc0           Options.merge_operator: None
2022/02/21-12:34:33.252942 7f02cb06acc0        Options.compaction_filter: None
2022/02/21-12:34:33.252943 7f02cb06acc0        Options.compaction_filter_factory: purged_slot_filter_factory(dead_slots)
2022/02/21-12:34:33.252943 7f02cb06acc0  Options.sst_partitioner_factory: None
2022/02/21-12:34:33.252944 7f02cb06acc0         Options.memtable_factory: SkipListFactory
2022/02/21-12:34:33.252944 7f02cb06acc0            Options.table_factory: BlockBasedTable
2022/02/21-12:34:33.252959 7f02cb06acc0            table_factory options:   flush_block_policy_factory: FlushBlockBySizePolicyFactory (0x560689591730)
  cache_index_and_filter_blocks: 0
  cache_index_and_filter_blocks_with_high_priority: 1
  pin_l0_filter_and_index_blocks_in_cache: 0
  pin_top_level_index_and_filter: 1
  index_type: 0
  data_block_index_type: 0
  index_shortening: 1
  data_block_hash_table_util_ratio: 0.750000
  hash_index_allow_collision: 1
  checksum: 1
  no_block_cache: 0
  block_cache: 0x560689591780
  block_cache_name: LRUCache
  block_cache_options:
    capacity : 8388608
    num_shard_bits : 4
    strict_capacity_limit : 0
    memory_allocator : None
    high_pri_pool_ratio: 0.000
  block_cache_compressed: (nil)
  persistent_cache: (nil)
  block_size: 4096
  block_size_deviation: 10
  block_restart_interval: 16
  index_block_restart_interval: 1
  metadata_block_size: 4096
  partition_filters: 0
  use_delta_encoding: 1
  filter_policy: nullptr
  whole_key_filtering: 1
  verify_compression: 0
  read_amp_bytes_per_bit: 0
  format_version: 4
  enable_index_compression: 1
  block_align: 0
2022/02/21-12:34:33.252959 7f02cb06acc0        Options.write_buffer_size: 268435456
2022/02/21-12:34:33.252960 7f02cb06acc0  Options.max_write_buffer_number: 8
2022/02/21-12:34:33.252961 7f02cb06acc0          Options.compression: NoCompression
2022/02/21-12:34:33.252961 7f02cb06acc0                  Options.bottommost_compression: Disabled
2022/02/21-12:34:33.252962 7f02cb06acc0       Options.prefix_extractor: nullptr
2022/02/21-12:34:33.252962 7f02cb06acc0   Options.memtable_insert_with_hint_prefix_extractor: nullptr
2022/02/21-12:34:33.252963 7f02cb06acc0             Options.num_levels: 7
2022/02/21-12:34:33.252963 7f02cb06acc0        Options.min_write_buffer_number_to_merge: 1
2022/02/21-12:34:33.252964 7f02cb06acc0     Options.max_write_buffer_number_to_maintain: 0
2022/02/21-12:34:33.252964 7f02cb06acc0     Options.max_write_buffer_size_to_maintain: 0
2022/02/21-12:34:33.252964 7f02cb06acc0            Options.bottommost_compression_opts.window_bits: -14
2022/02/21-12:34:33.252965 7f02cb06acc0                  Options.bottommost_compression_opts.level: 32767
2022/02/21-12:34:33.252965 7f02cb06acc0               Options.bottommost_compression_opts.strategy: 0
2022/02/21-12:34:33.252966 7f02cb06acc0         Options.bottommost_compression_opts.max_dict_bytes: 0
2022/02/21-12:34:33.252966 7f02cb06acc0         Options.bottommost_compression_opts.zstd_max_train_bytes: 0
2022/02/21-12:34:33.252967 7f02cb06acc0         Options.bottommost_compression_opts.parallel_threads: 1
2022/02/21-12:34:33.252967 7f02cb06acc0                  Options.bottommost_compression_opts.enabled: false
2022/02/21-12:34:33.252968 7f02cb06acc0            Options.compression_opts.window_bits: -14
2022/02/21-12:34:33.252968 7f02cb06acc0                  Options.compression_opts.level: 32767
2022/02/21-12:34:33.252969 7f02cb06acc0               Options.compression_opts.strategy: 0
2022/02/21-12:34:33.252969 7f02cb06acc0         Options.compression_opts.max_dict_bytes: 0
2022/02/21-12:34:33.252970 7f02cb06acc0         Options.compression_opts.zstd_max_train_bytes: 0
2022/02/21-12:34:33.252970 7f02cb06acc0         Options.compression_opts.parallel_threads: 1
2022/02/21-12:34:33.252970 7f02cb06acc0                  Options.compression_opts.enabled: false
2022/02/21-12:34:33.252976 7f02cb06acc0      Options.level0_file_num_compaction_trigger: 4
2022/02/21-12:34:33.252976 7f02cb06acc0          Options.level0_slowdown_writes_trigger: 20
2022/02/21-12:34:33.252977 7f02cb06acc0              Options.level0_stop_writes_trigger: 36
2022/02/21-12:34:33.252977 7f02cb06acc0                   Options.target_file_size_base: 107374182
2022/02/21-12:34:33.252978 7f02cb06acc0             Options.target_file_size_multiplier: 1
2022/02/21-12:34:33.252978 7f02cb06acc0                Options.max_bytes_for_level_base: 1073741824
2022/02/21-12:34:33.252979 7f02cb06acc0 Options.level_compaction_dynamic_level_bytes: 0
2022/02/21-12:34:33.252979 7f02cb06acc0          Options.max_bytes_for_level_multiplier: 10.000000
2022/02/21-12:34:33.252980 7f02cb06acc0 Options.max_bytes_for_level_multiplier_addtl[0]: 1
2022/02/21-12:34:33.252981 7f02cb06acc0 Options.max_bytes_for_level_multiplier_addtl[1]: 1
2022/02/21-12:34:33.252981 7f02cb06acc0 Options.max_bytes_for_level_multiplier_addtl[2]: 1
2022/02/21-12:34:33.252982 7f02cb06acc0 Options.max_bytes_for_level_multiplier_addtl[3]: 1
2022/02/21-12:34:33.252982 7f02cb06acc0 Options.max_bytes_for_level_multiplier_addtl[4]: 1
2022/02/21-12:34:33.252983 7f02cb06acc0 Options.max_bytes_for_level_multiplier_addtl[5]: 1
2022/02/21-12:34:33.252983 7f02cb06acc0 Options.max_bytes_for_level_multiplier_addtl[6]: 1
2022/02/21-12:34:33.252984 7f02cb06acc0       Options.max_sequential_skip_in_iterations: 8
2022/02/21-12:34:33.252984 7f02cb06acc0                    Options.max_compaction_bytes: 2684354550
2022/02/21-12:34:33.252984 7f02cb06acc0                        Options.arena_block_size: 33554432
2022/02/21-12:34:33.252985 7f02cb06acc0   Options.soft_pending_compaction_bytes_limit: 68719476736
2022/02/21-12:34:33.252985 7f02cb06acc0   Options.hard_pending_compaction_bytes_limit: 274877906944
2022/02/21-12:34:33.252986 7f02cb06acc0       Options.rate_limit_delay_max_milliseconds: 100
2022/02/21-12:34:33.252986 7f02cb06acc0                Options.disable_auto_compactions: 0
2022/02/21-12:34:33.252988 7f02cb06acc0                        Options.compaction_style: kCompactionStyleLevel
2022/02/21-12:34:33.252988 7f02cb06acc0                          Options.compaction_pri: kMinOverlappingRatio
2022/02/21-12:34:33.252989 7f02cb06acc0 Options.compaction_options_universal.size_ratio: 1
2022/02/21-12:34:33.252989 7f02cb06acc0 Options.compaction_options_universal.min_merge_width: 2
2022/02/21-12:34:33.252990 7f02cb06acc0 Options.compaction_options_universal.max_merge_width: 4294967295
2022/02/21-12:34:33.252990 7f02cb06acc0 Options.compaction_options_universal.max_size_amplification_percent: 200
2022/02/21-12:34:33.252991 7f02cb06acc0 Options.compaction_options_universal.compression_size_percent: -1
2022/02/21-12:34:33.252991 7f02cb06acc0 Options.compaction_options_universal.stop_style: kCompactionStopStyleTotalSize
2022/02/21-12:34:33.252992 7f02cb06acc0 Options.compaction_options_fifo.max_table_files_size: 1073741824
2022/02/21-12:34:33.252992 7f02cb06acc0 Options.compaction_options_fifo.allow_compaction: 0
2022/02/21-12:34:33.252996 7f02cb06acc0                   Options.table_properties_collectors: 
2022/02/21-12:34:33.252996 7f02cb06acc0                   Options.inplace_update_support: 0
2022/02/21-12:34:33.252997 7f02cb06acc0                 Options.inplace_update_num_locks: 10000
2022/02/21-12:34:33.252997 7f02cb06acc0               Options.memtable_prefix_bloom_size_ratio: 0.000000
2022/02/21-12:34:33.252998 7f02cb06acc0               Options.memtable_whole_key_filtering: 0
2022/02/21-12:34:33.252998 7f02cb06acc0   Options.memtable_huge_page_size: 0
2022/02/21-12:34:33.252999 7f02cb06acc0                           Options.bloom_locality: 0
2022/02/21-12:34:33.252999 7f02cb06acc0                    Options.max_successive_merges: 0
2022/02/21-12:34:33.253000 7f02cb06acc0                Options.optimize_filters_for_hits: 0
2022/02/21-12:34:33.253000 7f02cb06acc0                Options.paranoid_file_checks: 0
2022/02/21-12:34:33.253000 7f02cb06acc0                Options.force_consistency_checks: 1
2022/02/21-12:34:33.253004 7f02cb06acc0                Options.report_bg_io_stats: 0
2022/02/21-12:34:33.253004 7f02cb06acc0                               Options.ttl: 2592000
2022/02/21-12:34:33.253005 7f02cb06acc0          Options.periodic_compaction_seconds: 2592000
2022/02/21-12:34:33.253005 7f02cb06acc0                    Options.enable_blob_files: false
2022/02/21-12:34:33.253005 7f02cb06acc0                        Options.min_blob_size: 0
2022/02/21-12:34:33.253006 7f02cb06acc0                       Options.blob_file_size: 268435456
2022/02/21-12:34:33.253006 7f02cb06acc0                Options.blob_compression_type: NoCompression
2022/02/21-12:34:33.253007 7f02cb06acc0       Options.enable_blob_garbage_collection: false
2022/02/21-12:34:33.253007 7f02cb06acc0   Options.blob_garbage_collection_age_cutoff: 0.250000
2022/02/21-12:34:33.253021 7f02cb06acc0 [db/db_impl/db_impl.cc:2656] Created column family [dead_slots] (ID 2)
2022/02/21-12:34:33.259773 7f02cb06acc0 [db/column_family.cc:595] --------------- Options for column family [duplicate_slots]:
2022/02/21-12:34:33.259776 7f02cb06acc0               Options.comparator: leveldb.BytewiseComparator
2022/02/21-12:34:33.259777 7f02cb06acc0           Options.merge_operator: None
2022/02/21-12:34:33.259778 7f02cb06acc0        Options.compaction_filter: None
2022/02/21-12:34:33.259778 7f02cb06acc0        Options.compaction_filter_factory: purged_slot_filter_factory(duplicate_slots)
2022/02/21-12:34:33.259779 7f02cb06acc0  Options.sst_partitioner_factory: None
2022/02/21-12:34:33.259779 7f02cb06acc0         Options.memtable_factory: SkipListFactory
2022/02/21-12:34:33.259780 7f02cb06acc0            Options.table_factory: BlockBasedTable
2022/02/21-12:34:33.259793 7f02cb06acc0            table_factory options:   flush_block_policy_factory: FlushBlockBySizePolicyFactory (0x56068958d0f0)
  cache_index_and_filter_blocks: 0
  cache_index_and_filter_blocks_with_high_priority: 1
  pin_l0_filter_and_index_blocks_in_cache: 0
  pin_top_level_index_and_filter: 1
  index_type: 0
  data_block_index_type: 0
  index_shortening: 1
  data_block_hash_table_util_ratio: 0.750000
  hash_index_allow_collision: 1
  checksum: 1
  no_block_cache: 0
  block_cache: 0x560689593980
  block_cache_name: LRUCache
  block_cache_options:
    capacity : 8388608
    num_shard_bits : 4
    strict_capacity_limit : 0
    memory_allocator : None
    high_pri_pool_ratio: 0.000
  block_cache_compressed: (nil)
  persistent_cache: (nil)
  block_size: 4096
  block_size_deviation: 10
  block_restart_interval: 16
  index_block_restart_interval: 1
  metadata_block_size: 4096
  partition_filters: 0
  use_delta_encoding: 1
  filter_policy: nullptr
  whole_key_filtering: 1
  verify_compression: 0
  read_amp_bytes_per_bit: 0
  format_version: 4
  enable_index_compression: 1
  block_align: 0
2022/02/21-12:34:33.259794 7f02cb06acc0        Options.write_buffer_size: 268435456
2022/02/21-12:34:33.259795 7f02cb06acc0  Options.max_write_buffer_number: 8
2022/02/21-12:34:33.259795 7f02cb06acc0          Options.compression: NoCompression
2022/02/21-12:34:33.259796 7f02cb06acc0                  Options.bottommost_compression: Disabled
2022/02/21-12:34:33.259797 7f02cb06acc0       Options.prefix_extractor: nullptr
2022/02/21-12:34:33.259797 7f02cb06acc0   Options.memtable_insert_with_hint_prefix_extractor: nullptr
2022/02/21-12:34:33.259798 7f02cb06acc0             Options.num_levels: 7
2022/02/21-12:34:33.259798 7f02cb06acc0        Options.min_write_buffer_number_to_merge: 1
2022/02/21-12:34:33.259798 7f02cb06acc0     Options.max_write_buffer_number_to_maintain: 0
2022/02/21-12:34:33.259799 7f02cb06acc0     Options.max_write_buffer_size_to_maintain: 0
2022/02/21-12:34:33.259799 7f02cb06acc0            Options.bottommost_compression_opts.window_bits: -14
2022/02/21-12:34:33.259800 7f02cb06acc0                  Options.bottommost_compression_opts.level: 32767
