2022/02/21-12:34:33.658833 7f02cb06acc0 RocksDB version: 6.17.3
2022/02/21-12:34:33.658843 7f02cb06acc0 Git sha rocksdb_build_git_sha:@09c7e96eac1ab983f97ce9e0406730b8014b3398@
2022/02/21-12:34:33.658844 7f02cb06acc0 Compile date Dec  1 2021
2022/02/21-12:34:33.658870 7f02cb06acc0 DB SUMMARY
2022/02/21-12:34:33.658872 7f02cb06acc0 DB Session ID:  UGJLK2Z5BQZKG44X5GN3
2022/02/21-12:34:33.658883 7f02cb06acc0 CURRENT file:  CURRENT
2022/02/21-12:34:33.658884 7f02cb06acc0 IDENTITY file:  IDENTITY
2022/02/21-12:34:33.658885 7f02cb06acc0 MANIFEST file:  MANIFEST-000003 size: 1376 Bytes
2022/02/21-12:34:33.658886 7f02cb06acc0 SST files in .anchor/test-ledger/rocksdb dir, Total Num: 0, files: 
2022/02/21-12:34:33.658887 7f02cb06acc0 Write Ahead Log file in .anchor/test-ledger/rocksdb: 000004.log size: 3918 ; 
2022/02/21-12:34:33.658888 7f02cb06acc0                         Options.error_if_exists: 0
2022/02/21-12:34:33.658888 7f02cb06acc0                       Options.create_if_missing: 1
2022/02/21-12:34:33.658889 7f02cb06acc0                         Options.paranoid_checks: 1
2022/02/21-12:34:33.658889 7f02cb06acc0                               Options.track_and_verify_wals_in_manifest: 0
2022/02/21-12:34:33.658890 7f02cb06acc0                                     Options.env: 0x5606880468c0
2022/02/21-12:34:33.658891 7f02cb06acc0                                      Options.fs: Posix File System
2022/02/21-12:34:33.658891 7f02cb06acc0                                Options.info_log: 0x560689652490
2022/02/21-12:34:33.658892 7f02cb06acc0                Options.max_file_opening_threads: 16
2022/02/21-12:34:33.658892 7f02cb06acc0                              Options.statistics: (nil)
2022/02/21-12:34:33.658893 7f02cb06acc0                               Options.use_fsync: 0
2022/02/21-12:34:33.658893 7f02cb06acc0                       Options.max_log_file_size: 0
2022/02/21-12:34:33.658894 7f02cb06acc0                  Options.max_manifest_file_size: 1073741824
2022/02/21-12:34:33.658894 7f02cb06acc0                   Options.log_file_time_to_roll: 0
2022/02/21-12:34:33.658895 7f02cb06acc0                       Options.keep_log_file_num: 1000
2022/02/21-12:34:33.658895 7f02cb06acc0                    Options.recycle_log_file_num: 0
2022/02/21-12:34:33.658896 7f02cb06acc0                         Options.allow_fallocate: 1
2022/02/21-12:34:33.658896 7f02cb06acc0                        Options.allow_mmap_reads: 0
2022/02/21-12:34:33.658897 7f02cb06acc0                       Options.allow_mmap_writes: 0
2022/02/21-12:34:33.658897 7f02cb06acc0                        Options.use_direct_reads: 0
2022/02/21-12:34:33.658897 7f02cb06acc0                        Options.use_direct_io_for_flush_and_compaction: 0
2022/02/21-12:34:33.658898 7f02cb06acc0          Options.create_missing_column_families: 1
2022/02/21-12:34:33.658899 7f02cb06acc0                              Options.db_log_dir: 
2022/02/21-12:34:33.658899 7f02cb06acc0                                 Options.wal_dir: .anchor/test-ledger/rocksdb
2022/02/21-12:34:33.658899 7f02cb06acc0                Options.table_cache_numshardbits: 6
2022/02/21-12:34:33.658900 7f02cb06acc0                         Options.WAL_ttl_seconds: 0
2022/02/21-12:34:33.658900 7f02cb06acc0                       Options.WAL_size_limit_MB: 0
2022/02/21-12:34:33.658901 7f02cb06acc0                        Options.max_write_batch_group_size_bytes: 1048576
2022/02/21-12:34:33.658901 7f02cb06acc0             Options.manifest_preallocation_size: 4194304
2022/02/21-12:34:33.658902 7f02cb06acc0                     Options.is_fd_close_on_exec: 1
2022/02/21-12:34:33.658903 7f02cb06acc0                   Options.advise_random_on_open: 1
2022/02/21-12:34:33.658904 7f02cb06acc0                    Options.db_write_buffer_size: 0
2022/02/21-12:34:33.658904 7f02cb06acc0                    Options.write_buffer_manager: 0x5606897a6a90
2022/02/21-12:34:33.658905 7f02cb06acc0         Options.access_hint_on_compaction_start: 1
2022/02/21-12:34:33.658906 7f02cb06acc0  Options.new_table_reader_for_compaction_inputs: 0
2022/02/21-12:34:33.658907 7f02cb06acc0           Options.random_access_max_buffer_size: 1048576
2022/02/21-12:34:33.658915 7f02cb06acc0                      Options.use_adaptive_mutex: 0
2022/02/21-12:34:33.658916 7f02cb06acc0                            Options.rate_limiter: (nil)
2022/02/21-12:34:33.658917 7f02cb06acc0     Options.sst_file_manager.rate_bytes_per_sec: 0
2022/02/21-12:34:33.658918 7f02cb06acc0                       Options.wal_recovery_mode: 2
2022/02/21-12:34:33.658919 7f02cb06acc0                  Options.enable_thread_tracking: 0
2022/02/21-12:34:33.658920 7f02cb06acc0                  Options.enable_pipelined_write: 0
2022/02/21-12:34:33.658920 7f02cb06acc0                  Options.unordered_write: 0
2022/02/21-12:34:33.658921 7f02cb06acc0         Options.allow_concurrent_memtable_write: 1
2022/02/21-12:34:33.658922 7f02cb06acc0      Options.enable_write_thread_adaptive_yield: 1
2022/02/21-12:34:33.658923 7f02cb06acc0             Options.write_thread_max_yield_usec: 100
2022/02/21-12:34:33.658924 7f02cb06acc0            Options.write_thread_slow_yield_usec: 3
2022/02/21-12:34:33.658925 7f02cb06acc0                               Options.row_cache: None
2022/02/21-12:34:33.658925 7f02cb06acc0                              Options.wal_filter: None
2022/02/21-12:34:33.658926 7f02cb06acc0             Options.avoid_flush_during_recovery: 0
2022/02/21-12:34:33.658926 7f02cb06acc0             Options.allow_ingest_behind: 0
2022/02/21-12:34:33.658926 7f02cb06acc0             Options.preserve_deletes: 0
2022/02/21-12:34:33.658927 7f02cb06acc0             Options.two_write_queues: 0
2022/02/21-12:34:33.658927 7f02cb06acc0             Options.manual_wal_flush: 0
2022/02/21-12:34:33.658928 7f02cb06acc0             Options.atomic_flush: 0
2022/02/21-12:34:33.658928 7f02cb06acc0             Options.avoid_unnecessary_blocking_io: 0
2022/02/21-12:34:33.658929 7f02cb06acc0                 Options.persist_stats_to_disk: 0
2022/02/21-12:34:33.658929 7f02cb06acc0                 Options.write_dbid_to_manifest: 0
2022/02/21-12:34:33.658930 7f02cb06acc0                 Options.log_readahead_size: 0
2022/02/21-12:34:33.658930 7f02cb06acc0                 Options.file_checksum_gen_factory: Unknown
2022/02/21-12:34:33.658931 7f02cb06acc0                 Options.best_efforts_recovery: 0
2022/02/21-12:34:33.658931 7f02cb06acc0                Options.max_bgerror_resume_count: 2147483647
2022/02/21-12:34:33.658931 7f02cb06acc0            Options.bgerror_resume_retry_interval: 1000000
2022/02/21-12:34:33.658932 7f02cb06acc0             Options.allow_data_in_errors: 0
2022/02/21-12:34:33.658932 7f02cb06acc0             Options.db_host_id: __hostname__
2022/02/21-12:34:33.658933 7f02cb06acc0             Options.max_background_jobs: 16
2022/02/21-12:34:33.658933 7f02cb06acc0             Options.max_background_compactions: -1
2022/02/21-12:34:33.658934 7f02cb06acc0             Options.max_subcompactions: 1
2022/02/21-12:34:33.658934 7f02cb06acc0             Options.avoid_flush_during_shutdown: 0
2022/02/21-12:34:33.658935 7f02cb06acc0           Options.writable_file_max_buffer_size: 1048576
2022/02/21-12:34:33.658935 7f02cb06acc0             Options.delayed_write_rate : 16777216
2022/02/21-12:34:33.658936 7f02cb06acc0             Options.max_total_wal_size: 4294967296
2022/02/21-12:34:33.658936 7f02cb06acc0             Options.delete_obsolete_files_period_micros: 21600000000
2022/02/21-12:34:33.658937 7f02cb06acc0                   Options.stats_dump_period_sec: 600
2022/02/21-12:34:33.658937 7f02cb06acc0                 Options.stats_persist_period_sec: 600
2022/02/21-12:34:33.658938 7f02cb06acc0                 Options.stats_history_buffer_size: 1048576
2022/02/21-12:34:33.658938 7f02cb06acc0                          Options.max_open_files: -1
2022/02/21-12:34:33.658939 7f02cb06acc0                          Options.bytes_per_sync: 0
2022/02/21-12:34:33.658939 7f02cb06acc0                      Options.wal_bytes_per_sync: 0
2022/02/21-12:34:33.658940 7f02cb06acc0                   Options.strict_bytes_per_sync: 0
2022/02/21-12:34:33.658940 7f02cb06acc0       Options.compaction_readahead_size: 0
2022/02/21-12:34:33.658940 7f02cb06acc0                  Options.max_background_flushes: -1
2022/02/21-12:34:33.658944 7f02cb06acc0 Compression algorithms supported:
2022/02/21-12:34:33.658945 7f02cb06acc0 	kZSTDNotFinalCompression supported: 0
2022/02/21-12:34:33.658946 7f02cb06acc0 	kZSTD supported: 0
2022/02/21-12:34:33.658946 7f02cb06acc0 	kXpressCompression supported: 0
2022/02/21-12:34:33.658947 7f02cb06acc0 	kLZ4HCCompression supported: 1
2022/02/21-12:34:33.658947 7f02cb06acc0 	kLZ4Compression supported: 1
2022/02/21-12:34:33.658948 7f02cb06acc0 	kBZip2Compression supported: 0
2022/02/21-12:34:33.658948 7f02cb06acc0 	kZlibCompression supported: 0
2022/02/21-12:34:33.658949 7f02cb06acc0 	kSnappyCompression supported: 0
2022/02/21-12:34:33.658950 7f02cb06acc0 Fast CRC32 supported: Supported on x86
2022/02/21-12:34:33.658974 7f02cb06acc0 [db/version_set.cc:4756] Recovering from manifest file: .anchor/test-ledger/rocksdb/MANIFEST-000003
2022/02/21-12:34:33.659027 7f02cb06acc0 [db/column_family.cc:595] --------------- Options for column family [default]:
2022/02/21-12:34:33.659029 7f02cb06acc0               Options.comparator: leveldb.BytewiseComparator
2022/02/21-12:34:33.659030 7f02cb06acc0           Options.merge_operator: None
2022/02/21-12:34:33.659031 7f02cb06acc0        Options.compaction_filter: None
2022/02/21-12:34:33.659031 7f02cb06acc0        Options.compaction_filter_factory: None
2022/02/21-12:34:33.659031 7f02cb06acc0  Options.sst_partitioner_factory: None
2022/02/21-12:34:33.659032 7f02cb06acc0         Options.memtable_factory: SkipListFactory
2022/02/21-12:34:33.659032 7f02cb06acc0            Options.table_factory: BlockBasedTable
2022/02/21-12:34:33.659045 7f02cb06acc0            table_factory options:   flush_block_policy_factory: FlushBlockBySizePolicyFactory (0x5606896df910)
  cache_index_and_filter_blocks: 0
  cache_index_and_filter_blocks_with_high_priority: 1
  pin_l0_filter_and_index_blocks_in_cache: 0
  pin_top_level_index_and_filter: 1
  index_type: 0
  data_block_index_type: 0
  index_shortening: 1
  data_block_hash_table_util_ratio: 0.750000
  hash_index_allow_collision: 1
  checksum: 1
  no_block_cache: 0
  block_cache: 0x5606896e7610
  block_cache_name: LRUCache
  block_cache_options:
    capacity : 8388608
    num_shard_bits : 4
    strict_capacity_limit : 0
    memory_allocator : None
    high_pri_pool_ratio: 0.000
  block_cache_compressed: (nil)
  persistent_cache: (nil)
  block_size: 4096
  block_size_deviation: 10
  block_restart_interval: 16
  index_block_restart_interval: 1
  metadata_block_size: 4096
  partition_filters: 0
  use_delta_encoding: 1
  filter_policy: nullptr
  whole_key_filtering: 1
  verify_compression: 0
  read_amp_bytes_per_bit: 0
  format_version: 4
  enable_index_compression: 1
  block_align: 0
2022/02/21-12:34:33.659046 7f02cb06acc0        Options.write_buffer_size: 67108864
2022/02/21-12:34:33.659047 7f02cb06acc0  Options.max_write_buffer_number: 2
2022/02/21-12:34:33.659047 7f02cb06acc0          Options.compression: NoCompression
2022/02/21-12:34:33.659048 7f02cb06acc0                  Options.bottommost_compression: Disabled
2022/02/21-12:34:33.659048 7f02cb06acc0       Options.prefix_extractor: nullptr
2022/02/21-12:34:33.659049 7f02cb06acc0   Options.memtable_insert_with_hint_prefix_extractor: nullptr
2022/02/21-12:34:33.659049 7f02cb06acc0             Options.num_levels: 7
2022/02/21-12:34:33.659050 7f02cb06acc0        Options.min_write_buffer_number_to_merge: 1
2022/02/21-12:34:33.659050 7f02cb06acc0     Options.max_write_buffer_number_to_maintain: 0
2022/02/21-12:34:33.659051 7f02cb06acc0     Options.max_write_buffer_size_to_maintain: 0
2022/02/21-12:34:33.659051 7f02cb06acc0            Options.bottommost_compression_opts.window_bits: -14
2022/02/21-12:34:33.659051 7f02cb06acc0                  Options.bottommost_compression_opts.level: 32767
2022/02/21-12:34:33.659052 7f02cb06acc0               Options.bottommost_compression_opts.strategy: 0
2022/02/21-12:34:33.659052 7f02cb06acc0         Options.bottommost_compression_opts.max_dict_bytes: 0
2022/02/21-12:34:33.659053 7f02cb06acc0         Options.bottommost_compression_opts.zstd_max_train_bytes: 0
2022/02/21-12:34:33.659058 7f02cb06acc0         Options.bottommost_compression_opts.parallel_threads: 1
2022/02/21-12:34:33.659059 7f02cb06acc0                  Options.bottommost_compression_opts.enabled: false
2022/02/21-12:34:33.659059 7f02cb06acc0            Options.compression_opts.window_bits: -14
2022/02/21-12:34:33.659060 7f02cb06acc0                  Options.compression_opts.level: 32767
2022/02/21-12:34:33.659060 7f02cb06acc0               Options.compression_opts.strategy: 0
2022/02/21-12:34:33.659061 7f02cb06acc0         Options.compression_opts.max_dict_bytes: 0
2022/02/21-12:34:33.659061 7f02cb06acc0         Options.compression_opts.zstd_max_train_bytes: 0
2022/02/21-12:34:33.659062 7f02cb06acc0         Options.compression_opts.parallel_threads: 1
2022/02/21-12:34:33.659062 7f02cb06acc0                  Options.compression_opts.enabled: false
2022/02/21-12:34:33.659063 7f02cb06acc0      Options.level0_file_num_compaction_trigger: 4
2022/02/21-12:34:33.659063 7f02cb06acc0          Options.level0_slowdown_writes_trigger: 20
2022/02/21-12:34:33.659064 7f02cb06acc0              Options.level0_stop_writes_trigger: 36
2022/02/21-12:34:33.659064 7f02cb06acc0                   Options.target_file_size_base: 67108864
2022/02/21-12:34:33.659064 7f02cb06acc0             Options.target_file_size_multiplier: 1
2022/02/21-12:34:33.659065 7f02cb06acc0                Options.max_bytes_for_level_base: 268435456
2022/02/21-12:34:33.659065 7f02cb06acc0 Options.level_compaction_dynamic_level_bytes: 0
2022/02/21-12:34:33.659066 7f02cb06acc0          Options.max_bytes_for_level_multiplier: 10.000000
2022/02/21-12:34:33.659068 7f02cb06acc0 Options.max_bytes_for_level_multiplier_addtl[0]: 1
2022/02/21-12:34:33.659068 7f02cb06acc0 Options.max_bytes_for_level_multiplier_addtl[1]: 1
2022/02/21-12:34:33.659069 7f02cb06acc0 Options.max_bytes_for_level_multiplier_addtl[2]: 1
2022/02/21-12:34:33.659069 7f02cb06acc0 Options.max_bytes_for_level_multiplier_addtl[3]: 1
2022/02/21-12:34:33.659070 7f02cb06acc0 Options.max_bytes_for_level_multiplier_addtl[4]: 1
2022/02/21-12:34:33.659070 7f02cb06acc0 Options.max_bytes_for_level_multiplier_addtl[5]: 1
2022/02/21-12:34:33.659070 7f02cb06acc0 Options.max_bytes_for_level_multiplier_addtl[6]: 1
2022/02/21-12:34:33.659071 7f02cb06acc0       Options.max_sequential_skip_in_iterations: 8
2022/02/21-12:34:33.659071 7f02cb06acc0                    Options.max_compaction_bytes: 1677721600
2022/02/21-12:34:33.659072 7f02cb06acc0                        Options.arena_block_size: 8388608
2022/02/21-12:34:33.659072 7f02cb06acc0   Options.soft_pending_compaction_bytes_limit: 68719476736
2022/02/21-12:34:33.659073 7f02cb06acc0   Options.hard_pending_compaction_bytes_limit: 274877906944
2022/02/21-12:34:33.659073 7f02cb06acc0       Options.rate_limit_delay_max_milliseconds: 100
2022/02/21-12:34:33.659074 7f02cb06acc0                Options.disable_auto_compactions: 0
2022/02/21-12:34:33.659075 7f02cb06acc0                        Options.compaction_style: kCompactionStyleLevel
2022/02/21-12:34:33.659075 7f02cb06acc0                          Options.compaction_pri: kMinOverlappingRatio
2022/02/21-12:34:33.659076 7f02cb06acc0 Options.compaction_options_universal.size_ratio: 1
2022/02/21-12:34:33.659076 7f02cb06acc0 Options.compaction_options_universal.min_merge_width: 2
2022/02/21-12:34:33.659077 7f02cb06acc0 Options.compaction_options_universal.max_merge_width: 4294967295
2022/02/21-12:34:33.659077 7f02cb06acc0 Options.compaction_options_universal.max_size_amplification_percent: 200
2022/02/21-12:34:33.659078 7f02cb06acc0 Options.compaction_options_universal.compression_size_percent: -1
2022/02/21-12:34:33.659078 7f02cb06acc0 Options.compaction_options_universal.stop_style: kCompactionStopStyleTotalSize
2022/02/21-12:34:33.659079 7f02cb06acc0 Options.compaction_options_fifo.max_table_files_size: 1073741824
2022/02/21-12:34:33.659079 7f02cb06acc0 Options.compaction_options_fifo.allow_compaction: 0
2022/02/21-12:34:33.659082 7f02cb06acc0                   Options.table_properties_collectors: 
2022/02/21-12:34:33.659084 7f02cb06acc0                   Options.inplace_update_support: 0
2022/02/21-12:34:33.659085 7f02cb06acc0                 Options.inplace_update_num_locks: 10000
2022/02/21-12:34:33.659085 7f02cb06acc0               Options.memtable_prefix_bloom_size_ratio: 0.000000
2022/02/21-12:34:33.659086 7f02cb06acc0               Options.memtable_whole_key_filtering: 0
2022/02/21-12:34:33.659087 7f02cb06acc0   Options.memtable_huge_page_size: 0
2022/02/21-12:34:33.659087 7f02cb06acc0                           Options.bloom_locality: 0
2022/02/21-12:34:33.659088 7f02cb06acc0                    Options.max_successive_merges: 0
2022/02/21-12:34:33.659088 7f02cb06acc0                Options.optimize_filters_for_hits: 0
2022/02/21-12:34:33.659088 7f02cb06acc0                Options.paranoid_file_checks: 0
2022/02/21-12:34:33.659089 7f02cb06acc0                Options.force_consistency_checks: 1
2022/02/21-12:34:33.659089 7f02cb06acc0                Options.report_bg_io_stats: 0
2022/02/21-12:34:33.659090 7f02cb06acc0                               Options.ttl: 2592000
2022/02/21-12:34:33.659090 7f02cb06acc0          Options.periodic_compaction_seconds: 0
2022/02/21-12:34:33.659091 7f02cb06acc0                    Options.enable_blob_files: false
2022/02/21-12:34:33.659091 7f02cb06acc0                        Options.min_blob_size: 0
2022/02/21-12:34:33.659092 7f02cb06acc0                       Options.blob_file_size: 268435456
2022/02/21-12:34:33.659092 7f02cb06acc0                Options.blob_compression_type: NoCompression
2022/02/21-12:34:33.659093 7f02cb06acc0       Options.enable_blob_garbage_collection: false
2022/02/21-12:34:33.659093 7f02cb06acc0   Options.blob_garbage_collection_age_cutoff: 0.250000
2022/02/21-12:34:33.659117 7f02cb06acc0 [db/column_family.cc:595] --------------- Options for column family [meta]:
2022/02/21-12:34:33.659118 7f02cb06acc0               Options.comparator: leveldb.BytewiseComparator
2022/02/21-12:34:33.659118 7f02cb06acc0           Options.merge_operator: None
2022/02/21-12:34:33.659119 7f02cb06acc0        Options.compaction_filter: None
2022/02/21-12:34:33.659120 7f02cb06acc0        Options.compaction_filter_factory: purged_slot_filter_factory(meta)
2022/02/21-12:34:33.659120 7f02cb06acc0  Options.sst_partitioner_factory: None
2022/02/21-12:34:33.659121 7f02cb06acc0         Options.memtable_factory: SkipListFactory
2022/02/21-12:34:33.659121 7f02cb06acc0            Options.table_factory: BlockBasedTable
2022/02/21-12:34:33.659128 7f02cb06acc0            table_factory options:   flush_block_policy_factory: FlushBlockBySizePolicyFactory (0x5606895bfe70)
  cache_index_and_filter_blocks: 0
  cache_index_and_filter_blocks_with_high_priority: 1
  pin_l0_filter_and_index_blocks_in_cache: 0
  pin_top_level_index_and_filter: 1
  index_type: 0
  data_block_index_type: 0
  index_shortening: 1
  data_block_hash_table_util_ratio: 0.750000
  hash_index_allow_collision: 1
  checksum: 1
  no_block_cache: 0
  block_cache: 0x560689708d20
  block_cache_name: LRUCache
  block_cache_options:
    capacity : 8388608
    num_shard_bits : 4
    strict_capacity_limit : 0
    memory_allocator : None
    high_pri_pool_ratio: 0.000
  block_cache_compressed: (nil)
  persistent_cache: (nil)
  block_size: 4096
  block_size_deviation: 10
  block_restart_interval: 16
  index_block_restart_interval: 1
  metadata_block_size: 4096
  partition_filters: 0
  use_delta_encoding: 1
  filter_policy: nullptr
  whole_key_filtering: 1
  verify_compression: 0
  read_amp_bytes_per_bit: 0
  format_version: 4
  enable_index_compression: 1
  block_align: 0
2022/02/21-12:34:33.659129 7f02cb06acc0        Options.write_buffer_size: 268435456
2022/02/21-12:34:33.659129 7f02cb06acc0  Options.max_write_buffer_number: 8
2022/02/21-12:34:33.659130 7f02cb06acc0          Options.compression: NoCompression
2022/02/21-12:34:33.659130 7f02cb06acc0                  Options.bottommost_compression: Disabled
2022/02/21-12:34:33.659131 7f02cb06acc0       Options.prefix_extractor: nullptr
2022/02/21-12:34:33.659131 7f02cb06acc0   Options.memtable_insert_with_hint_prefix_extractor: nullptr
2022/02/21-12:34:33.659137 7f02cb06acc0             Options.num_levels: 7
2022/02/21-12:34:33.659137 7f02cb06acc0        Options.min_write_buffer_number_to_merge: 1
2022/02/21-12:34:33.659138 7f02cb06acc0     Options.max_write_buffer_number_to_maintain: 0
2022/02/21-12:34:33.659138 7f02cb06acc0     Options.max_write_buffer_size_to_maintain: 0
2022/02/21-12:34:33.659139 7f02cb06acc0            Options.bottommost_compression_opts.window_bits: -14
2022/02/21-12:34:33.659139 7f02cb06acc0                  Options.bottommost_compression_opts.level: 32767
2022/02/21-12:34:33.659140 7f02cb06acc0               Options.bottommost_compression_opts.strategy: 0
2022/02/21-12:34:33.659140 7f02cb06acc0         Options.bottommost_compression_opts.max_dict_bytes: 0
2022/02/21-12:34:33.659141 7f02cb06acc0         Options.bottommost_compression_opts.zstd_max_train_bytes: 0
2022/02/21-12:34:33.659141 7f02cb06acc0         Options.bottommost_compression_opts.parallel_threads: 1
2022/02/21-12:34:33.659141 7f02cb06acc0                  Options.bottommost_compression_opts.enabled: false
2022/02/21-12:34:33.659142 7f02cb06acc0            Options.compression_opts.window_bits: -14
2022/02/21-12:34:33.659142 7f02cb06acc0                  Options.compression_opts.level: 32767
2022/02/21-12:34:33.659143 7f02cb06acc0               Options.compression_opts.strategy: 0
2022/02/21-12:34:33.659143 7f02cb06acc0         Options.compression_opts.max_dict_bytes: 0
2022/02/21-12:34:33.659144 7f02cb06acc0         Options.compression_opts.zstd_max_train_bytes: 0
2022/02/21-12:34:33.659144 7f02cb06acc0         Options.compression_opts.parallel_threads: 1
2022/02/21-12:34:33.659145 7f02cb06acc0                  Options.compression_opts.enabled: false
2022/02/21-12:34:33.659145 7f02cb06acc0      Options.level0_file_num_compaction_trigger: 4
2022/02/21-12:34:33.659146 7f02cb06acc0          Options.level0_slowdown_writes_trigger: 20
2022/02/21-12:34:33.659146 7f02cb06acc0              Options.level0_stop_writes_trigger: 36
2022/02/21-12:34:33.659146 7f02cb06acc0                   Options.target_file_size_base: 107374182
2022/02/21-12:34:33.659147 7f02cb06acc0             Options.target_file_size_multiplier: 1
2022/02/21-12:34:33.659147 7f02cb06acc0                Options.max_bytes_for_level_base: 1073741824
2022/02/21-12:34:33.659148 7f02cb06acc0 Options.level_compaction_dynamic_level_bytes: 0
2022/02/21-12:34:33.659148 7f02cb06acc0          Options.max_bytes_for_level_multiplier: 10.000000
2022/02/21-12:34:33.659149 7f02cb06acc0 Options.max_bytes_for_level_multiplier_addtl[0]: 1
2022/02/21-12:34:33.659150 7f02cb06acc0 Options.max_bytes_for_level_multiplier_addtl[1]: 1
2022/02/21-12:34:33.659150 7f02cb06acc0 Options.max_bytes_for_level_multiplier_addtl[2]: 1
2022/02/21-12:34:33.659151 7f02cb06acc0 Options.max_bytes_for_level_multiplier_addtl[3]: 1
2022/02/21-12:34:33.659151 7f02cb06acc0 Options.max_bytes_for_level_multiplier_addtl[4]: 1
2022/02/21-12:34:33.659152 7f02cb06acc0 Options.max_bytes_for_level_multiplier_addtl[5]: 1
2022/02/21-12:34:33.659152 7f02cb06acc0 Options.max_bytes_for_level_multiplier_addtl[6]: 1
2022/02/21-12:34:33.659152 7f02cb06acc0       Options.max_sequential_skip_in_iterations: 8
2022/02/21-12:34:33.659153 7f02cb06acc0                    Options.max_compaction_bytes: 2684354550
2022/02/21-12:34:33.659153 7f02cb06acc0                        Options.arena_block_size: 33554432
2022/02/21-12:34:33.659154 7f02cb06acc0   Options.soft_pending_compaction_bytes_limit: 68719476736
2022/02/21-12:34:33.659154 7f02cb06acc0   Options.hard_pending_compaction_bytes_limit: 274877906944
2022/02/21-12:34:33.659155 7f02cb06acc0       Options.rate_limit_delay_max_milliseconds: 100
2022/02/21-12:34:33.659155 7f02cb06acc0                Options.disable_auto_compactions: 0
2022/02/21-12:34:33.659156 7f02cb06acc0                        Options.compaction_style: kCompactionStyleLevel
2022/02/21-12:34:33.659156 7f02cb06acc0                          Options.compaction_pri: kMinOverlappingRatio
2022/02/21-12:34:33.659159 7f02cb06acc0 Options.compaction_options_universal.size_ratio: 1
2022/02/21-12:34:33.659159 7f02cb06acc0 Options.compaction_options_universal.min_merge_width: 2
2022/02/21-12:34:33.659160 7f02cb06acc0 Options.compaction_options_universal.max_merge_width: 4294967295
2022/02/21-12:34:33.659160 7f02cb06acc0 Options.compaction_options_universal.max_size_amplification_percent: 200
2022/02/21-12:34:33.659161 7f02cb06acc0 Options.compaction_options_universal.compression_size_percent: -1
2022/02/21-12:34:33.659161 7f02cb06acc0 Options.compaction_options_universal.stop_style: kCompactionStopStyleTotalSize
2022/02/21-12:34:33.659162 7f02cb06acc0 Options.compaction_options_fifo.max_table_files_size: 1073741824
2022/02/21-12:34:33.659162 7f02cb06acc0 Options.compaction_options_fifo.allow_compaction: 0
2022/02/21-12:34:33.659163 7f02cb06acc0                   Options.table_properties_collectors: 
2022/02/21-12:34:33.659164 7f02cb06acc0                   Options.inplace_update_support: 0
2022/02/21-12:34:33.659164 7f02cb06acc0                 Options.inplace_update_num_locks: 10000
2022/02/21-12:34:33.659165 7f02cb06acc0               Options.memtable_prefix_bloom_size_ratio: 0.000000
2022/02/21-12:34:33.659165 7f02cb06acc0               Options.memtable_whole_key_filtering: 0
2022/02/21-12:34:33.659166 7f02cb06acc0   Options.memtable_huge_page_size: 0
2022/02/21-12:34:33.659166 7f02cb06acc0                           Options.bloom_locality: 0
2022/02/21-12:34:33.659167 7f02cb06acc0                    Options.max_successive_merges: 0
2022/02/21-12:34:33.659167 7f02cb06acc0                Options.optimize_filters_for_hits: 0
2022/02/21-12:34:33.659168 7f02cb06acc0                Options.paranoid_file_checks: 0
2022/02/21-12:34:33.659168 7f02cb06acc0                Options.force_consistency_checks: 1
2022/02/21-12:34:33.659168 7f02cb06acc0                Options.report_bg_io_stats: 0
2022/02/21-12:34:33.659169 7f02cb06acc0                               Options.ttl: 2592000
2022/02/21-12:34:33.659169 7f02cb06acc0          Options.periodic_compaction_seconds: 2592000
2022/02/21-12:34:33.659170 7f02cb06acc0                    Options.enable_blob_files: false
2022/02/21-12:34:33.659170 7f02cb06acc0                        Options.min_blob_size: 0
2022/02/21-12:34:33.659171 7f02cb06acc0                       Options.blob_file_size: 268435456
2022/02/21-12:34:33.659171 7f02cb06acc0                Options.blob_compression_type: NoCompression
2022/02/21-12:34:33.659172 7f02cb06acc0       Options.enable_blob_garbage_collection: false
2022/02/21-12:34:33.659172 7f02cb06acc0   Options.blob_garbage_collection_age_cutoff: 0.250000
2022/02/21-12:34:33.659183 7f02cb06acc0 [db/column_family.cc:595] --------------- Options for column family [dead_slots]:
2022/02/21-12:34:33.659184 7f02cb06acc0               Options.comparator: leveldb.BytewiseComparator
2022/02/21-12:34:33.659184 7f02cb06acc0           Options.merge_operator: None
2022/02/21-12:34:33.659185 7f02cb06acc0        Options.compaction_filter: None
2022/02/21-12:34:33.659185 7f02cb06acc0        Options.compaction_filter_factory: purged_slot_filter_factory(dead_slots)
2022/02/21-12:34:33.659186 7f02cb06acc0  Options.sst_partitioner_factory: None
2022/02/21-12:34:33.659186 7f02cb06acc0         Options.memtable_factory: SkipListFactory
2022/02/21-12:34:33.659187 7f02cb06acc0            Options.table_factory: BlockBasedTable
2022/02/21-12:34:33.659193 7f02cb06acc0            table_factory options:   flush_block_policy_factory: FlushBlockBySizePolicyFactory (0x5606896ea920)
  cache_index_and_filter_blocks: 0
  cache_index_and_filter_blocks_with_high_priority: 1
  pin_l0_filter_and_index_blocks_in_cache: 0
  pin_top_level_index_and_filter: 1
  index_type: 0
  data_block_index_type: 0
  index_shortening: 1
  data_block_hash_table_util_ratio: 0.750000
  hash_index_allow_collision: 1
  checksum: 1
  no_block_cache: 0
  block_cache: 0x56068967c240
  block_cache_name: LRUCache
  block_cache_options:
    capacity : 8388608
    num_shard_bits : 4
    strict_capacity_limit : 0
    memory_allocator : None
    high_pri_pool_ratio: 0.000
  block_cache_compressed: (nil)
  persistent_cache: (nil)
  block_size: 4096
  block_size_deviation: 10
  block_restart_interval: 16
  index_block_restart_interval: 1
  metadata_block_size: 4096
  partition_filters: 0
  use_delta_encoding: 1
  filter_policy: nullptr
  whole_key_filtering: 1
  verify_compression: 0
  read_amp_bytes_per_bit: 0
  format_version: 4
  enable_index_compression: 1
  block_align: 0
2022/02/21-12:34:33.659197 7f02cb06acc0        Options.write_buffer_size: 268435456
2022/02/21-12:34:33.659197 7f02cb06acc0  Options.max_write_buffer_number: 8
2022/02/21-12:34:33.659198 7f02cb06acc0          Options.compression: NoCompression
2022/02/21-12:34:33.659198 7f02cb06acc0                  Options.bottommost_compression: Disabled
2022/02/21-12:34:33.659199 7f02cb06acc0       Options.prefix_extractor: nullptr
2022/02/21-12:34:33.659199 7f02cb06acc0   Options.memtable_insert_with_hint_prefix_extractor: nullptr
2022/02/21-12:34:33.659200 7f02cb06acc0             Options.num_levels: 7
2022/02/21-12:34:33.659200 7f02cb06acc0        Options.min_write_buffer_number_to_merge: 1
2022/02/21-12:34:33.659201 7f02cb06acc0     Options.max_write_buffer_number_to_maintain: 0
2022/02/21-12:34:33.659201 7f02cb06acc0     Options.max_write_buffer_size_to_maintain: 0
2022/02/21-12:34:33.659201 7f02cb06acc0            Options.bottommost_compression_opts.window_bits: -14
2022/02/21-12:34:33.659202 7f02cb06acc0                  Options.bottommost_compression_opts.level: 32767
2022/02/21-12:34:33.659202 7f02cb06acc0               Options.bottommost_compression_opts.strategy: 0
2022/02/21-12:34:33.659203 7f02cb06acc0         Options.bottommost_compression_opts.max_dict_bytes: 0
2022/02/21-12:34:33.659203 7f02cb06acc0         Options.bottommost_compression_opts.zstd_max_train_bytes: 0
2022/02/21-12:34:33.659204 7f02cb06acc0         Options.bottommost_compression_opts.parallel_threads: 1
2022/02/21-12:34:33.659204 7f02cb06acc0                  Options.bottommost_compression_opts.enabled: false
2022/02/21-12:34:33.659205 7f02cb06acc0            Options.compression_opts.window_bits: -14
2022/02/21-12:34:33.659205 7f02cb06acc0                  Options.compression_opts.level: 32767
2022/02/21-12:34:33.659206 7f02cb06acc0               Options.compression_opts.strategy: 0
2022/02/21-12:34:33.659206 7f02cb06acc0         Options.compression_opts.max_dict_bytes: 0
2022/02/21-12:34:33.659206 7f02cb06acc0         Options.compression_opts.zstd_max_train_bytes: 0
2022/02/21-12:34:33.659207 7f02cb06acc0         Options.compression_opts.parallel_threads: 1
2022/02/21-12:34:33.659207 7f02cb06acc0                  Options.compression_opts.enabled: false
2022/02/21-12:34:33.659208 7f02cb06acc0      Options.level0_file_num_compaction_trigger: 4
2022/02/21-12:34:33.659208 7f02cb06acc0          Options.level0_slowdown_writes_trigger: 20
2022/02/21-12:34:33.659209 7f02cb06acc0              Options.level0_stop_writes_trigger: 36
2022/02/21-12:34:33.659209 7f02cb06acc0                   Options.target_file_size_base: 107374182
2022/02/21-12:34:33.659210 7f02cb06acc0             Options.target_file_size_multiplier: 1
2022/02/21-12:34:33.659210 7f02cb06acc0                Options.max_bytes_for_level_base: 1073741824
2022/02/21-12:34:33.659211 7f02cb06acc0 Options.level_compaction_dynamic_level_bytes: 0
2022/02/21-12:34:33.659211 7f02cb06acc0          Options.max_bytes_for_level_multiplier: 10.000000
2022/02/21-12:34:33.659212 7f02cb06acc0 Options.max_bytes_for_level_multiplier_addtl[0]: 1
2022/02/21-12:34:33.659212 7f02cb06acc0 Options.max_bytes_for_level_multiplier_addtl[1]: 1
2022/02/21-12:34:33.659213 7f02cb06acc0 Options.max_bytes_for_level_multiplier_addtl[2]: 1
2022/02/21-12:34:33.659213 7f02cb06acc0 Options.max_bytes_for_level_multiplier_addtl[3]: 1
2022/02/21-12:34:33.659214 7f02cb06acc0 Options.max_bytes_for_level_multiplier_addtl[4]: 1
2022/02/21-12:34:33.659214 7f02cb06acc0 Options.max_bytes_for_level_multiplier_addtl[5]: 1
2022/02/21-12:34:33.659215 7f02cb06acc0 Options.max_bytes_for_level_multiplier_addtl[6]: 1
2022/02/21-12:34:33.659217 7f02cb06acc0       Options.max_sequential_skip_in_iterations: 8
2022/02/21-12:34:33.659218 7f02cb06acc0                    Options.max_compaction_bytes: 2684354550
2022/02/21-12:34:33.659218 7f02cb06acc0                        Options.arena_block_size: 33554432
2022/02/21-12:34:33.659219 7f02cb06acc0   Options.soft_pending_compaction_bytes_limit: 68719476736
2022/02/21-12:34:33.659219 7f02cb06acc0   Options.hard_pending_compaction_bytes_limit: 274877906944
2022/02/21-12:34:33.659219 7f02cb06acc0       Options.rate_limit_delay_max_milliseconds: 100
2022/02/21-12:34:33.659220 7f02cb06acc0                Options.disable_auto_compactions: 0
2022/02/21-12:34:33.659220 7f02cb06acc0                        Options.compaction_style: kCompactionStyleLevel
2022/02/21-12:34:33.659221 7f02cb06acc0                          Options.compaction_pri: kMinOverlappingRatio
2022/02/21-12:34:33.659221 7f02cb06acc0 Options.compaction_options_universal.size_ratio: 1
2022/02/21-12:34:33.659222 7f02cb06acc0 Options.compaction_options_universal.min_merge_width: 2
2022/02/21-12:34:33.659222 7f02cb06acc0 Options.compaction_options_universal.max_merge_width: 4294967295
2022/02/21-12:34:33.659223 7f02cb06acc0 Options.compaction_options_universal.max_size_amplification_percent: 200
2022/02/21-12:34:33.659223 7f02cb06acc0 Options.compaction_options_universal.compression_size_percent: -1
2022/02/21-12:34:33.659224 7f02cb06acc0 Options.compaction_options_universal.stop_style: kCompactionStopStyleTotalSize
2022/02/21-12:34:33.659224 7f02cb06acc0 Options.compaction_options_fifo.max_table_files_size: 1073741824
2022/02/21-12:34:33.659225 7f02cb06acc0 Options.compaction_options_fifo.allow_compaction: 0
2022/02/21-12:34:33.659225 7f02cb06acc0                   Options.table_properties_collectors: 
2022/02/21-12:34:33.659226 7f02cb06acc0                   Options.inplace_update_support: 0
2022/02/21-12:34:33.659226 7f02cb06acc0                 Options.inplace_update_num_locks: 10000
2022/02/21-12:34:33.659227 7f02cb06acc0               Options.memtable_prefix_bloom_size_ratio: 0.000000
2022/02/21-12:34:33.659228 7f02cb06acc0               Options.memtable_whole_key_filtering: 0
2022/02/21-12:34:33.659228 7f02cb06acc0   Options.memtable_huge_page_size: 0
2022/02/21-12:34:33.659228 7f02cb06acc0                           Options.bloom_locality: 0
2022/02/21-12:34:33.659229 7f02cb06acc0                    Options.max_successive_merges: 0
2022/02/21-12:34:33.659229 7f02cb06acc0                Options.optimize_filters_for_hits: 0
2022/02/21-12:34:33.659230 7f02cb06acc0                Options.paranoid_file_checks: 0
2022/02/21-12:34:33.659230 7f02cb06acc0                Options.force_consistency_checks: 1
2022/02/21-12:34:33.659231 7f02cb06acc0                Options.report_bg_io_stats: 0
2022/02/21-12:34:33.659231 7f02cb06acc0                               Options.ttl: 2592000
2022/02/21-12:34:33.659232 7f02cb06acc0          Options.periodic_compaction_seconds: 2592000
2022/02/21-12:34:33.659232 7f02cb06acc0                    Options.enable_blob_files: false
2022/02/21-12:34:33.659233 7f02cb06acc0                        Options.min_blob_size: 0
2022/02/21-12:34:33.659233 7f02cb06acc0                       Options.blob_file_size: 268435456
2022/02/21-12:34:33.659233 7f02cb06acc0                Options.blob_compression_type: NoCompression
2022/02/21-12:34:33.659234 7f02cb06acc0       Options.enable_blob_garbage_collection: false
2022/02/21-12:34:33.659234 7f02cb06acc0   Options.blob_garbage_collection_age_cutoff: 0.250000
2022/02/21-12:34:33.659245 7f02cb06acc0 [db/column_family.cc:595] --------------- Options for column family [duplicate_slots]:
2022/02/21-12:34:33.659245 7f02cb06acc0               Options.comparator: leveldb.BytewiseComparator
2022/02/21-12:34:33.659246 7f02cb06acc0           Options.merge_operator: None
2022/02/21-12:34:33.659246 7f02cb06acc0        Options.compaction_filter: None
2022/02/21-12:34:33.659247 7f02cb06acc0        Options.compaction_filter_factory: purged_slot_filter_factory(duplicate_slots)
2022/02/21-12:34:33.659250 7f02cb06acc0  Options.sst_partitioner_factory: None
2022/02/21-12:34:33.659251 7f02cb06acc0         Options.memtable_factory: SkipListFactory
2022/02/21-12:34:33.659251 7f02cb06acc0            Options.table_factory: BlockBasedTable
2022/02/21-12:34:33.659257 7f02cb06acc0            table_factory options:   flush_block_policy_factory: FlushBlockBySizePolicyFactory (0x560689615950)
  cache_index_and_filter_blocks: 0
  cache_index_and_filter_blocks_with_high_priority: 1
  pin_l0_filter_and_index_blocks_in_cache: 0
  pin_top_level_index_and_filter: 1
  index_type: 0
  data_block_index_type: 0
  index_shortening: 1
  data_block_hash_table_util_ratio: 0.750000
  hash_index_allow_collision: 1
  checksum: 1
  no_block_cache: 0
  block_cache: 0x5606896aa630
  block_cache_name: LRUCache
  block_cache_options:
    capacity : 8388608
    num_shard_bits : 4
    strict_capacity_limit : 0
    memory_allocator : None
    high_pri_pool_ratio: 0.000
  block_cache_compressed: (nil)
  persistent_cache: (nil)
  block_size: 4096
  block_size_deviation: 10
  block_restart_interval: 16
  index_block_restart_interval: 1
  metadata_block_size: 4096
  partition_filters: 0
  use_delta_encoding: 1
  filter_policy: nullptr
  whole_key_filtering: 1
  verify_compression: 0
  read_amp_bytes_per_bit: 0
  format_version: 4
  enable_index_compression: 1
  block_align: 0
2022/02/21-12:34:33.659258 7f02cb06acc0        Options.write_buffer_size: 268435456
2022/02/21-12:34:33.659258 7f02cb06acc0  Options.max_write_buffer_number: 8
2022/02/21-12:34:33.659259 7f02cb06acc0          Options.compression: NoCompression
2022/02/21-12:34:33.659259 7f02cb06acc0                  Options.bottommost_compression: Disabled
2022/02/21-12:34:33.659260 7f02cb06acc0       Options.prefix_extractor: nullptr
2022/02/21-12:34:33.659260 7f02cb06acc0   Options.memtable_insert_with_hint_prefix_extractor: nullptr
2022/02/21-12:34:33.659261 7f02cb06acc0             Options.num_levels: 7
2022/02/21-12:34:33.659261 7f02cb06acc0        Options.min_write_buffer_number_to_merge: 1
2022/02/21-12:34:33.659262 7f02cb06acc0     Options.max_write_buffer_number_to_maintain: 0
2022/02/21-12:34:33.659262 7f02cb06acc0     Options.max_write_buffer_size_to_maintain: 0
2022/02/21-12:34:33.659263 7f02cb06acc0            Options.bottommost_compression_opts.window_bits: -14
2022/02/21-12:34:33.659263 7f02cb06acc0                  Options.bottommost_compression_opts.level: 32767
2022/02/21-12:34:33.659263 7f02cb06acc0               Options.bottommost_compression_opts.strategy: 0
2022/02/21-12:34:33.659264 7f02cb06acc0         Options.bottommost_compression_opts.max_dict_bytes: 0
2022/02/21-12:34:33.659264 7f02cb06acc0         Options.bottommost_compression_opts.zstd_max_train_bytes: 0
2022/02/21-12:34:33.659265 7f02cb06acc0         Options.bottommost_compression_opts.parallel_threads: 1
2022/02/21-12:34:33.659265 7f02cb06acc0                  Options.bottommost_compression_opts.enabled: false
